 Fp1       80.784       26.133     -4.00108
 Fp2       80.784      -26.133     -4.00108
  F3      57.5511      48.2004      39.8697
  F4       57.584     -48.1426       39.892
  C3  3.86813e-15      63.1713      56.8717
  C4  3.86788e-15     -63.1673      56.8761
  P3     -57.5511      48.2004      39.8697
  P4      -57.584     -48.1426       39.892
  O1      -80.784       26.133     -4.00108
  O2      -80.784      -26.133     -4.00108
  F7      49.8714      68.4233     -7.48952
  F8      49.9265     -68.3836     -7.48509
  T7  5.17649e-15      84.5385     -8.84508
  T8  5.17649e-15     -84.5385     -8.84508
  P7     -49.8714      68.4233     -7.48952
  P8     -49.9265     -68.3836     -7.48509
  Fz      60.7385            0      59.4629
  Cz  5.20475e-15            0           85
  Pz     -60.7385 -7.43832e-15      59.4629
  Oz     -84.9812 -1.04072e-14     -1.78604
 FC1      32.4362      32.3514      71.5981
 FC2      32.4362     -32.3514      71.5981
 CP1     -32.4362      32.3514      71.5981
 CP2     -32.4362     -32.3514      71.5981
 FC5      28.7628      76.2474      24.1669
 FC6      28.7628     -76.2474      24.1669
 CP5     -28.7628      76.2474      24.1669
 CP6     -28.7628     -76.2474      24.1669
 FT9      23.3016      70.0758     -42.0882
FT10      23.3016     -70.0758     -42.0882
 FCz      32.9279            0       78.363
 AFz      79.0255            0      31.3044
  F1      59.9127      26.0421      54.3808
  F2      59.8744     -26.0254       54.431
  C1   2.1148e-15      34.5374       77.667
  C2   2.1192e-15     -34.6092      77.6351
  P1     -59.9127      26.0421      54.3808
  P2     -59.8744     -26.0254       54.431
 AF3      76.1528      31.4828      20.8468
 AF4      76.1528     -31.4828      20.8468
 FC3      30.9553       59.275      52.4714
 FC4      30.9553      -59.275      52.4714
 CP3     -30.9553       59.275      52.4714
 CP4     -30.9553      -59.275      52.4714
 PO3     -76.1528      31.4828      20.8468
 PO4     -76.1528     -31.4828      20.8468
  F5      54.0379      63.0582      18.1264
  F6      54.0263     -63.0447      18.2076
  C5   4.9495e-15      80.8315      26.2918
  C6   4.9495e-15     -80.8315      26.2918
  P5     -54.0379      63.0582      18.1264
  P6     -54.0263     -63.0447      18.2076
 AF7      68.6911      49.7094      -5.9589
 AF8      68.7209     -49.6689     -5.95298
 FT7      26.2075        80.41      -8.5086
 FT8      26.2075       -80.41      -8.5086
 TP7     -26.2075        80.41      -8.5086
 TP8     -26.2848     -80.3851     -8.50565
 PO7     -68.6911      49.7094      -5.9589
 PO8     -68.7209     -49.6689     -5.95298
 Fpz      84.9812            0     -1.78604
 CPz     -32.9279  -4.0325e-15       78.363
 POz     -79.0255 -9.67784e-15      31.3044
TP10     -23.3016     -70.0758     -42.0882
